				grande					pequeño									cuenco
prueba 		36415912509604			36415916867748										36415879479460
prueba		36417471479972			36417467580580										36417483604132
prueba		36417316847780			36417300136100										36417322025124
prueba		36417447592100			36417430749348										36417454833828
prueba		36415973163172			36415978930340										36415967592612
prueba		36417295089828			36417299185828										36417290141860
prueba		36196485759140			36415845335204										36415854313636
prueba		36417368096932			36417370620068										36417336377508
prueba		36417461420196			36417464139940										36417457225892
prueba		36417258913956			36417263435940										36417254228132
prueba		36415931318436			36415940821156										36415864504484	
prueba		36417386381476			36417382056100										36417393918116
prueba		36417247969444			36417231356068										36417250492580
prueba	    36417283588260			36417272283300										36417285292196
prueba		36417490649252			36417493467300										36417486225572
prueba		36417405780132			36417409613988										36417399390372

prueba		36417507852452			36417505427620										36417512308900
prueba		36417516568740			36417521025188										36417514930340